a1 240 2.282838 0.184341
a2 249 2.573936 0.187043
a3 200 1.960366 0.163997
a5 244 2.395775 0.186453
a6 249 2.647027 0.203641
a7 208 2.237557 0.145650
a8 286 2.964401 0.261196
a9 276 2.825620 0.226755
a10 211 2.141688 0.153331
a14 324 3.431974 0.343041
a15 259 2.648098 0.203735
a16 290 2.844874 0.231386
a17 238 2.279805 0.169434
a18 279 2.936748 0.241462
a19 223 2.220322 0.160034
a21 264 2.658271 0.200950
a22 262 2.497520 0.185950
a23 179 1.999959 0.134672
a24 326 3.448143 0.342206
a27 291 3.057636 0.262453
a28 307 2.964164 0.261777
a29 275 2.559266 0.209251
a30 262 2.613647 0.187042
a31 210 2.236674 0.162576
a32 198 2.238034 0.158994
a33 292 2.912733 0.230204
a34 215 2.301508 0.170616
a35 170 2.126801 0.125717
a36 276 2.836951 0.227404
a37 250 2.435413 0.177797
a38 262 2.580959 0.194386
a39 299 2.357116 0.363947
a41 269 2.843345 0.231768
a42 268 2.745544 0.203818
a43 315 2.829624 0.263489
a45 240 2.576191 0.188940
a46 221 2.333018 0.169162
a47 277 2.805151 0.231869
a48 282 2.801965 0.222418
a49 296 3.092451 0.288846
a51 271 2.742249 0.206271
a52 284 2.645258 0.210467
a53 210 2.335821 0.164637
a54 317 2.101840 0.351206
a55 230 2.278589 0.172196
a56 282 2.472294 0.209417
a57 243 2.465478 0.184004
a58 257 2.742488 0.216454
a61 188 2.042146 0.153204
a62 261 2.551975 0.193215
a63 243 2.541466 0.201378
a64 271 2.830913 0.231116
a65 258 2.588343 0.193471
a67 252 2.534742 0.199221
a72 279 2.878601 0.249981
a73 281 2.685025 0.224095
a74 257 2.401012 0.194300
a75 256 2.525395 0.194939
a76 298 2.958468 0.240659
a81 285 2.861156 0.234695
a82 266 2.776647 0.212772
a85 191 2.213289 0.151228
a87 300 2.823644 0.231050
a90 308 3.129679 0.288980
a92 251 2.442194 0.176831
a94 240 2.381179 0.173642
r2 243 2.505617 0.171970
r3 308 3.234923 0.309136
r5 307 3.218008 0.305193
r7 217 2.346677 0.153764
r8 267 2.442816 0.215266
r11 295 2.995455 0.251554
r12 301 3.138027 0.282009
r14 292 2.737885 0.220911
r16 223 2.241295 0.159099
r17 334 2.644892 0.309999
r20 248 2.561358 0.197544
r21 268 2.816368 0.238794
r22 246 2.617191 0.204278
r23 215 2.165790 0.155244
r26 307 2.918924 0.252946
r28 287 2.834940 0.233590
r29 249 2.471791 0.185757
r30 298 3.057353 0.273005
r32 269 2.380174 0.195584
r34 324 3.391266 0.321783
r37 259 2.677971 0.194982
r38 267 2.691959 0.208256
r40 277 2.552747 0.215708
r42 193 2.143176 0.132908
r45 313 3.235106 0.314455
r48 267 2.592361 0.207663
r49 307 3.019220 0.261762
r50 294 2.960020 0.250358
r53 268 2.887489 0.240292
r54 284 2.928191 0.252544
r55 331 3.466847 0.335316
r57 292 2.940708 0.261271
r59 283 2.933323 0.253518
r61 248 2.548694 0.189820
r65 244 2.563625 0.188563
r66 351 3.568262 0.357397
r69 281 2.692076 0.201581
r70 250 2.661697 0.194467
r71 255 2.543017 0.183668
r72 283 2.901282 0.221193
r74 305 3.185715 0.296128
r75 322 3.320031 0.316089
r76 260 2.398118 0.182926
r79 247 2.436126 0.189031
r80 240 2.342202 0.179198
r81 263 2.631982 0.187316
r82 260 2.462594 0.186888
r84 205 2.011864 0.164925
r85 235 2.302592 0.162788
r87 304 3.115508 0.285353
r90 207 2.049430 0.162791
r92 279 2.963385 0.257883
r93 245 2.332680 0.177735
r94 229 2.006821 0.170675
r95 248 2.600327 0.209733
r96 290 2.990253 0.269782
r97 219 2.307141 0.163665
r98 288 2.950217 0.244568
r99 270 2.714944 0.225032
r102 293 3.088274 0.283483
r104 327 3.204283 0.295368
r106 218 2.356412 0.167776
r107 266 2.741371 0.219856
r108 324 3.361418 0.327002
r112 289 2.965891 0.264963
r113 289 2.739981 0.214619
r115 281 2.839423 0.241701
r116 289 2.970896 0.246948
r120 297 2.895722 0.245739
r124 296 2.998778 0.252703
r125 307 2.895492 0.262679
r126 240 2.564888 0.187664
r128 230 2.138371 0.168048
r131 288 2.857990 0.235933
r133 292 3.148074 0.316530
r134 234 2.358473 0.185241
r138 177 2.027809 0.139226
r140 251 2.387413 0.193528
r142 247 2.571340 0.183345
r143 305 3.131836 0.265659
r144 275 2.711113 0.220035
r148 282 2.954116 0.259167
r149 251 2.677769 0.203082
r151 270 2.766739 0.219287
r153 198 2.190808 0.141684
r154 237 2.411953 0.153582
r158 253 2.628681 0.187775
r159 263 2.633908 0.208522
r160 323 3.386802 0.319706
r161 237 2.337877 0.189765
r162 252 2.610917 0.209222
r163 275 2.768370 0.218141
r164 314 3.177300 0.294756
r167 324 3.386211 0.337010
r169 235 2.345046 0.184249
r170 261 2.660783 0.204909
r171 309 3.013728 0.248329
r172 246 2.508312 0.178104
r174 312 3.337277 0.331111
r177 280 2.677464 0.226884
r180 251 2.474816 0.188678
r183 315 3.174907 0.281878
r185 244 2.523458 0.179085
r187 267 2.690124 0.208748
r192 285 2.915633 0.254966
r195 270 2.453562 0.195219
r196 304 3.209013 0.306119
r197 342 3.464585 0.336856
r198 311 3.012506 0.274019
r199 237 2.403709 0.163309
r202 300 2.740501 0.241585
r204 277 2.810644 0.232471
r207 224 2.242630 0.169891
r212 223 2.292090 0.157041
r219 255 2.644330 0.192036
r220 296 3.148726 0.277787
r222 282 2.650550 0.211414
t1 239 2.136444 0.176459
t2 328 3.610086 0.370125
t3 258 2.567429 0.199592
t4 285 2.863934 0.230419
t5 247 2.588017 0.191627
t6 234 2.248994 0.183545
t7 294 2.963180 0.252545
t8 278 2.913256 0.234514
t9 271 2.685904 0.205986
t12 310 3.203762 0.290964
t18 279 2.820701 0.231381
t20 273 2.827254 0.230874
t22 252 2.506080 0.179520
t23 276 2.635398 0.199766
t24 261 2.550766 0.191842
t27 302 2.922288 0.250320
t28 294 2.910003 0.243430
t30 284 2.912336 0.229373
t31 293 2.951653 0.240861
t32 262 2.535727 0.206327
t33 219 2.135069 0.158439
t34 226 2.294402 0.163905
t35 294 2.927146 0.246925
